1.09862 47979.4850635 
1.09877 67028.8998265 
1.09891 75812.8923066 
1.09906 76463.696752 
1.0992 74890.007795 
1.09934 75690.5784385 
1.09949 79216.1731004 
1.09964 81931.4124063 
1.09978 80818.1765651 
1.09993 76211.8225443 
1.10007 71681.8286142 
1.10021 68916.8839802 
1.10036 67846.2362148 
1.1005 68086.1972542 
1.10065 69662.7191885 
1.1008 72144.658482 
1.10094 74440.0392788 
1.10108 77174.1998059 
1.10123 81796.8163448 
1.10137 86486.4092824 
1.10152 88972.743444 
1.10167 88650.1614151 
1.10181 87965.2187647 
1.10196 87974.7081826 
1.1021 87781.1716932 
1.10224 86182.7325701 
1.10239 83364.0427268 
1.10254 81929.6696144 
1.10268 82606.4355109 
1.10283 82548.9301447 
1.10297 78768.2906251 
1.10311 71086.2998842 
1.10326 61872.9732537 
1.1034 57142.0189434 
1.10355 58092.1311458 
1.1037 61594.1317997 
1.10384 63271.5801408 
1.10398 62675.7448791 
1.10413 61194.6047547 
1.10427 61294.6830884 
1.10442 64678.3182256 
1.10457 70396.9222011 
1.10471 75097.3139801 
1.10486 77273.8161373 
1.105 75738.5999302 
1.10514 70731.5566451 
1.10529 63533.2380454 
1.10544 57915.6699343 
1.10558 56058.2451778 
1.10573 57481.7923378 
1.10587 60235.352155 
1.10601 62403.8645004 
1.10616 62851.7386287 
1.10631 61686.8947256 
1.10645 61076.1874716 
1.1066 62311.6773149 
1.10674 63560.5612907 
1.10688 63524.4238456 
1.10703 64700.534837 
1.10717 69722.2413601 
1.10732 77085.3488041 
1.10747 80491.0615993 
1.10761 76976.2973679 
1.10775 68663.6058619 
1.1079 60035.5737022 
1.10804 57550.6915491 
1.10819 62127.6906808 
1.10834 69880.1032587 
1.10848 75757.1164137 
1.10863 79118.743906 
1.10877 79333.5628035 
1.10891 76915.2490919 
1.10906 72423.1392725 
1.10921 67198.4142718 
1.10935 63494.8730877 
1.1095 63514.7065317 
1.10964 67822.5754495 
1.10978 74518.7705314 
1.10993 81583.2649367 
1.11007 84765.6170563 
1.11022 81593.160827 
1.11037 73648.7742744 
1.11051 67289.7737189 
1.11065 64749.8566999 
1.1108 64877.0564046 
1.11094 65335.586589 
1.11109 65213.7393882 
1.11124 65608.4438981 
1.11138 68321.293429 
1.11153 74470.748546 
1.11167 81213.8171022 
1.11181 85295.8495281 
1.11196 84457.8644583 
1.11211 79463.2382574 
1.11225 73978.6941371 
1.1124 70248.5618854 
1.11254 69672.7202137 
1.11268 70226.4523316 
1.11283 69667.6694983 
1.11298 68736.6416854 
1.11312 69757.7033421 
1.11327 71711.2605295 
1.11341 70980.8506795 
1.11355 66707.8160826 
1.1137 60831.130405 
1.11384 57419.4205361 
1.11399 57238.6525285 
1.11414 60543.6806167 
1.11428 66736.381417 
1.11442 73771.6138419 
1.11457 78195.5164352 
1.11471 78642.0407037 
1.11486 77584.1228404 
1.11501 77041.0469657 
1.11515 78352.2490229 
1.1153 81754.7321322 
1.11544 84315.5909726 
1.11558 84253.8171141 
1.11573 81760.6827705 
1.11588 78436.9413838 
1.11602 76110.5658486 
1.11617 75676.3769113 
1.11631 77502.0670547 
1.11645 80390.4075055 
1.1166 81583.6174761 
1.11674 79112.2297292 
1.11689 74256.2885384 
1.11704 69581.413229 
1.11718 65769.8304005 
1.11732 62395.6043274 
1.11747 60606.1863498 
1.11761 62536.8654567 
1.11776 68766.6124038 
1.11791 76909.8729942 
1.11805 83915.3895428 
1.1182 89686.1177066 
1.11834 92273.2725711 
1.11848 90396.4823276 
1.11863 82872.0667722 
1.11878 72120.7946655 
1.11892 63019.5752273 
1.11907 57310.5587839 
1.11921 56585.4407869 
1.11935 59985.8003874 
1.1195 66678.837265 
1.11964 73460.2615609 
1.11979 78972.52344 
1.11994 80401.8634979 
1.12008 76326.1703348 
1.12022 68324.7695073 
1.12037 61081.6592344 
1.12051 60533.9119413 
1.12066 66771.7391834 
1.12081 75898.7252823 
1.12095 83930.9388053 
1.12109 90395.9543981 
1.12124 93904.1873927 
1.12138 91886.7387549 
1.12153 84099.709456 
1.12168 74708.8773176 
1.12182 69483.1014894 
1.12197 68260.4122552 
1.12211 66738.9227685 
1.12225 62462.3413427 
1.1224 58689.2966364 
1.12255 60391.2851695 
1.12269 66128.9113059 
1.12284 73032.7021272 
1.12298 77704.6262659 
1.12312 79541.1417273 
1.12327 79604.9879108 
1.12341 80836.1296237 
1.12356 84357.3333179 
1.12371 87421.8718355 
1.12385 86882.7450595 
1.12399 81837.3464425 
1.12414 74035.3629598 
1.12428 69882.7867287 
1.12443 72279.4544681 
1.12458 79875.7535308 
1.12472 87594.5929299 
1.12487 92600.9020189 
1.12501 92202.722992 
1.12515 87938.8370919 
1.1253 83776.5195225 
1.12545 83592.6894131 
1.12559 85609.7946727 
1.12574 87135.4136621 
1.12588 86837.8951794 
1.12602 84864.6408684 
1.12617 82456.9799279 
1.12631 82651.8333439 
1.12646 87377.5004094 
1.12661 95161.9421723 
1.12675 101234.289492 
1.12689 103974.613181 
1.12704 104026.004064 
1.12718 102328.68569 
1.12733 99552.1198875 
1.12748 97765.7427456 
1.12762 97622.4613996 
1.12777 97540.093939 
1.12791 96276.1169245 
1.12805 93642.5028215 
1.1282 89674.8016257 
1.12835 85051.5976372 
1.12849 80779.0057235 
1.12864 78533.067907 
1.12878 80486.8505353 
1.12892 84401.4556013 
1.12907 86483.9693278 
1.12922 85545.7613099 
1.12936 85276.5091127 
1.12951 88915.6143812 
1.12965 94080.1811463 
1.12979 95439.0030799 
1.12994 88763.6030485 
1.13008 77255.2111105 
1.13023 66814.477876 
1.13038 64978.6051889 
1.13052 71289.6543954 
1.13066 80892.087473 
1.13081 88969.2460143 
1.13095 92294.0027161 
1.1311 94448.3526202 
1.13125 98067.4677074 
1.13139 100792.06663 
1.13154 100552.063563 
1.13168 97632.2527213 
1.13182 93062.6877552 
1.13197 88299.1722847 
1.13212 85750.579939 
1.13226 84762.825969 
1.13241 83046.9481036 
1.13255 80075.9344441 
1.13269 76195.22921 
1.13284 72017.5197078 
1.13298 70066.2008018 
1.13313 72939.1771861 
1.13328 81023.6447794 
1.13342 89008.8019099 
1.13356 92971.373345 
1.13371 92626.9469145 
1.13385 91279.2768969 
1.134 90965.2087965 
1.13415 90656.1269548 
1.13429 88212.034238 
1.13444 83359.5065408 
1.13458 78673.8215376 
1.13472 73673.4636519 
1.13487 66314.7622102 
1.13502 59135.0507796 
1.13516 57546.9169679 
1.13531 63414.9903833 
1.13545 71698.4321817 
1.13559 76584.3576022 
1.13574 77475.103884 
1.13589 79867.1880745 
1.13603 86410.49911 
1.13618 94371.6816568 
1.13632 96813.7712111 
1.13646 90980.1732844 
1.13661 78224.6914167 
1.13675 67412.5883908 
1.1369 62180.4429926 
1.13705 61613.7622766 
1.13719 61729.8427899 
1.13733 62603.7022493 
1.13748 67010.9793055 
1.13762 74184.5192995 
1.13777 81169.6915136 
1.13792 83477.1046344 
1.13806 80354.1432623 
1.13821 72791.5773938 
1.13835 65073.4764281 
1.13849 60651.7294807 
1.13864 61434.7577634 
1.13879 65021.3951537 
1.13893 66602.1785727 
1.13908 64842.121881 
1.13922 62079.0024904 
1.13936 60954.564848 
1.13951 62543.7150864 
1.13965 65821.8199446 
1.1398 69865.093928 
1.13995 72549.0138372 
1.14009 72232.5368602 
1.14023 69347.5352756 
1.14038 65267.9885057 
1.14052 62359.7272577 
1.14067 62102.2021154 
1.14082 66373.8474844 
1.14096 73832.007508 
1.14111 82153.0703787 
1.14125 86606.4032809 
1.14139 86521.3638702 
1.14154 84061.9414179 
1.14169 84023.5270843 
1.14183 87657.9647755 
1.14198 92438.8057733 
1.14212 94454.7378711 
1.14226 93172.3388075 
1.14241 89606.5559444 
1.14255 87155.749379 
1.1427 87443.8189961 
1.14285 89019.7747913 
1.14299 89810.3622434 
1.14313 90236.102254 
1.14328 90587.7430624 
1.14342 89574.188659 
1.14357 85130.5465125 
1.14372 77671.2486573 
1.14386 72138.5185994 
1.14401 71755.6070797 
1.14415 74752.8388565 
1.14429 77306.6627395 
1.14444 79721.0519224 
1.14459 83492.3439559 
1.14473 86491.6295683 
1.14488 86658.8661279 
1.14502 84917.003197 
1.14516 83427.7394216 
1.14531 82296.8802292 
1.14546 80884.2704981 
1.1456 80095.1117048 
1.14575 80364.4619064 
1.14589 80337.8809646 
1.14603 78987.1678325 
1.14618 76127.9316351 
1.14632 72453.065038 
1.14647 68211.0328196 
1.14662 65162.7528205 
1.14676 64426.0285645 
1.1469 66046.4160519 
1.14705 70839.586918 
1.14719 78413.828125 
1.14734 88811.834114 
1.14749 98501.8172277 
1.14763 103373.976321 
1.14778 102402.414883 
1.14792 96957.2293044 
1.14806 89787.7098983 
1.14821 83631.1880953 
1.14836 82346.4541288 
1.1485 86280.8365755 
1.14865 92338.9424707 
1.14879 94709.8428121 
1.14893 92374.7825039 
1.14908 88144.5829372 
1.14922 86533.3667435 
1.14937 87058.4551203 
1.14952 86083.580633 
1.14966 83974.3195099 
1.1498 85073.1810947 
1.14995 90385.4986219 
1.15009 93411.3176128 
1.15024 91175.7622166 
1.15039 87758.1745871 
1.15053 87468.5358516 
1.15068 89620.413607 
1.15082 92347.34075 
1.15096 95387.6245248 
1.15111 97777.3997055 
1.15126 96690.3456018 
1.1514 92217.9323816 
1.15155 86354.6316067 
1.15169 81893.6394207 
1.15183 79568.0973873 
1.15198 81242.6797485 
1.15213 87221.9285654 
1.15227 93542.2189867 
1.15242 97683.9860057 
1.15256 98193.033499 
1.1527 96411.9493613 
1.15285 94046.9437545 
1.15299 92137.4387023 
1.15314 89520.428616 
1.15329 87135.3427003 
1.15343 87277.3669159 
1.15357 89089.1892739 
1.15372 88995.5167006 
1.15386 85524.6849846 
1.15401 81162.9789705 
1.15416 78879.7547083 
1.1543 78510.6721373 
1.15445 81029.1445005 
1.15459 88054.7588317 
1.15473 98416.522318 
1.15488 108586.833831 
1.15503 113690.27503 
1.15517 113681.494285 
1.15532 111714.794595 
1.15546 110299.946268 
1.1556 109120.634568 
1.15575 107412.320239 
1.15589 105488.153034 
1.15604 102875.807799 
1.15619 98620.3976361 
1.15633 93362.0607875 
1.15647 89343.3467327 
1.15662 87886.6377577 
1.15676 86697.3525906 
1.15691 83178.2010053 
1.15706 80022.6802814 
1.1572 81111.074951 
1.15735 85167.4916003 
1.15749 86785.0994214 
1.15763 85359.1450777 
1.15778 85179.3594686 
1.15793 89480.5191123 
1.15807 94692.3233535 
1.15822 97473.6313201 
1.15836 96939.6852716 
1.1585 94600.3021979 
1.15865 90819.1787254 
1.15879 86062.2096272 
1.15894 80906.618546 
1.15909 78877.9221457 
1.15923 81078.4568393 
1.15937 85016.9878396 
1.15952 88210.836638 
1.15966 90214.1107278 
1.15981 91990.9382198 
1.15996 91876.5300205 
1.1601 89107.3257482 
1.16024 85278.5263692 
1.16039 82589.0120747 
1.16053 82420.7992111 
1.16068 84743.6212896 
1.16083 89863.5574983 
1.16097 96167.3464104 
1.16112 102007.488165 
1.16126 105142.468511 
1.1614 105702.361963 
1.16155 103757.407315 
1.1617 100447.682585 
1.16184 97381.6948422 
1.16199 93970.3170493 
1.16213 89832.0275107 
1.16227 86919.948554 
1.16242 89766.7617444 
1.16256 96716.9979061 
1.16271 101214.527558 
1.16286 99670.1669455 
1.163 97591.9258347 
1.16314 99400.3323773 
1.16329 104060.530358 
1.16343 106323.991035 
1.16358 104857.386607 
1.16373 101250.220877 
1.16387 96645.1699156 
1.16402 91054.7750938 
1.16416 88429.6358637 
1.1643 91147.7246696 
1.16445 98427.0175397 
1.1646 104666.29123 
1.16474 105325.183169 
1.16489 100837.460097 
1.16503 95820.1282216 
1.16517 91853.9606516 
1.16532 86388.5976039 
1.16546 80072.2795269 
1.16561 76951.3040209 
1.16576 80628.9069992 
1.1659 87312.8459012 
1.16604 92445.4091571 
1.16619 93086.712845 
1.16633 89232.2887248 
1.16648 84520.8789711 
1.16663 85162.7681 
1.16677 90698.0413881 
1.16692 96364.6754301 
1.16706 98405.3232053 
1.1672 98341.1271904 
1.16735 98107.9033539 
1.1675 98336.7528031 
1.16764 98580.6784595 
1.16779 100113.098 
1.16793 103659.70361 
1.16807 106132.12363 
1.16822 102505.829777 
1.16837 92403.0895708 
1.16851 82147.1039711 
1.16866 75107.9074567 
1.1688 72299.2942393 
1.16894 70254.823224 
1.16909 66787.240733 
1.16923 63657.2958804 
1.16938 63385.5190829 
1.16953 66360.261221 
1.16967 68944.9116686 
1.16981 69396.6500909 
1.16996 68758.7598435 
1.1701 68610.8840067 
1.17025 68823.7679739 
1.1704 69912.9470142 
1.17054 74221.4848794 
1.17069 83624.9678629 
1.17083 93676.547984 
1.17097 100296.497039 
1.17112 100304.221255 
1.17127 92708.4855253 
1.17141 82953.3833552 
1.17156 77303.6040116 
1.1717 80679.010112 
1.17184 91094.202176 
1.17199 104296.859817 
1.17213 112073.347924 
1.17228 110921.417534 
1.17243 100625.203038 
1.17257 87840.0964152 
1.17271 77390.8272932 
1.17286 71064.7348416 
1.173 68739.8525146 
1.17315 68530.4158978 
1.1733 69917.169924 
1.17344 72727.6212874 
1.17359 75995.1850057 
1.17373 75887.6124145 
1.17387 72477.5162655 
1.17402 70961.4693103 
1.17417 75416.9484595 
1.17431 81072.1195418 
1.17446 83538.0822277 
1.1746 82751.4002131 
1.17474 81291.8767317 
1.17489 79103.1378911 
1.17503 75630.9009952 
1.17518 71880.4176309 
1.17533 70764.4227933 
1.17547 71821.2983879 
1.17561 71869.3800157 
1.17576 69293.274366 
1.1759 67692.6178642 
1.17605 70187.6947331 
1.1762 73933.9690492 
1.17634 73726.6740928 
1.17648 69646.5907995 
1.17663 64274.647624 
1.17677 60385.6514669 
1.17692 57849.1761844 
1.17707 56520.2247961 
1.17721 55324.7110788 
1.17736 53558.7945166 
1.1775 52421.4722154 
1.17764 53228.6217058 
1.17779 56588.5392417 
1.17794 60895.6237218 
1.17808 64219.1717087 
1.17823 66960.3041054 
1.17837 68783.6362365 
1.17851 68819.0424544 
1.17866 66157.170742 
1.1788 62664.1093654 
1.17895 60641.4726767 
1.1791 61283.5025262 
1.17924 63243.4874979 
1.17938 66319.4195208 
1.17953 71920.000017 
1.17967 79058.5556394 
1.17982 85850.3825084 
1.17997 89030.4023674 
1.18011 89600.3452165 
1.18026 89758.2686822 
1.1804 89063.2852652 
1.18054 87139.0702423 
1.18069 85642.3768286 
1.18084 84888.3631812 
1.18098 82843.0398106 
1.18113 80248.4979208 
1.18127 79884.1510443 
1.18141 80502.1077064 
1.18156 78896.7037396 
1.1817 74615.1153794 
1.18185 69774.3862841 
1.182 67006.0294969 
1.18214 65585.9886087 
1.18228 64083.2834335 
1.18243 63260.3428288 
1.18257 64905.2298936 
1.18272 68786.6682421 
1.18287 71557.9253673 
1.18301 71001.4039857 
1.18316 68498.965033 
1.1833 67026.7557255 
1.18344 66925.7616674 
1.18359 67246.2367682 
1.18374 68490.9718903 
1.18388 72192.4822179 
1.18403 78358.7070916 
1.18417 82812.1454543 
1.18431 83232.5722221 
1.18446 79276.3970514 
1.18461 73035.9295613 
1.18475 67944.7072565 
1.1849 65974.8384331 
1.18504 67644.2883507 
1.18518 70768.3848717 
1.18533 73533.2141765 
1.18547 74865.9080242 
1.18562 75185.0126333 
1.18577 74332.8249227 
1.18591 72341.3769967 
1.18605 70358.111893 
1.1862 70407.0911187 
1.18634 72288.5160131 
1.18649 73404.4758211 
1.18664 71742.9312149 
1.18678 68555.6502219 
1.18693 65616.4009191 
1.18707 65126.0586509 
1.18721 67846.3103241 
1.18736 73711.4650514 
1.18751 79337.2588939 
1.18765 81063.4840643 
1.1878 78636.2571348 
1.18794 74569.2127692 
1.18808 71110.0599562 
1.18823 69413.7917328 
1.18837 69413.2212671 
1.18852 69674.4742451 
1.18867 69558.9360778 
1.18881 69904.1826279 
1.18895 71575.6213973 
1.1891 75654.6620409 
1.18924 81858.2738242 
1.18939 88485.9961778 
1.18954 90492.6085245 
1.18968 87631.5173226 
1.18983 83390.958433 
1.18997 80160.3789597 
1.19011 76184.1803325 
1.19026 70579.5027405 
1.19041 66041.2560141 
1.19055 64640.7473058 
1.1907 65746.5109602 
1.19084 67848.7543129 
1.19098 70035.0724786 
1.19113 71777.545629 
1.19128 72290.8588715 
1.19142 71606.7787479 
1.19157 70726.4662329 
1.19171 71220.2436216 
1.19185 73156.4737633 
1.192 75405.7125641 
1.19214 76593.1731172 
1.19229 77210.0193069 
1.19244 77913.3582705 
1.19258 78184.4511573 
1.19272 77067.3216762 
1.19287 74497.3843823 
1.19301 72635.7530351 
1.19316 73613.9656664 
1.19331 77948.7420824 
1.19345 82028.2676614 
1.1936 82014.351798 
1.19374 77083.7122364 
1.19388 70904.1884346 
1.19403 67365.918466 
1.19418 67824.4684596 
1.19432 70079.8866197 
1.19447 72846.2120609 
1.19461 74877.0199042 
1.19475 75380.9901405 
1.1949 73303.2208219 
1.19504 69634.1315681 
1.19519 66834.201969 
1.19534 68231.406323 
1.19548 73649.1633772 
1.19562 80458.0865612 
1.19577 84645.5849234 
1.19591 83093.9427979 
1.19606 77535.6097398 
1.19621 72365.4324732 
1.19635 70015.7499528 
1.1965 70181.9025651 
1.19664 73053.2606638 
1.19678 79227.9489709 
1.19693 88890.7804617 
1.19708 99072.3868489 
1.19722 105908.418101 
1.19737 106705.23206 
1.19751 99704.1901133 
1.19765 88396.1948245 
1.1978 78558.6939001 
1.19794 75036.7926867 
1.19809 75666.2584279 
1.19824 77719.4946751 
1.19838 80218.8502403 
1.19852 84671.0585105 
1.19867 91898.8079487 
1.19881 97681.1950015 
1.19896 99418.6015658 
1.19911 97979.2013942 
1.19925 96778.3796408 
1.19939 96788.5138849 
1.19954 97712.6244436 
1.19968 98340.1754623 
1.19983 98165.155805 
1.19998 97695.9953511 
1.20012 96341.6262837 
1.20027 92321.5204455 
1.20041 87783.9726102 
1.20055 86969.1703344 
1.2007 92481.3668764 
1.20085 100112.675571 
1.20099 103651.439576 
1.20114 103576.74389 
1.20128 103562.446279 
1.20142 104809.838806 
1.20157 105980.306837 
1.20171 105869.212954 
1.20186 103316.019573 
1.20201 97751.0524769 
1.20215 93590.6229243 
1.20229 94851.6031139 
1.20244 100159.109934 
1.20258 102924.359355 
1.20273 101733.1517 
1.20288 99047.9944173 
1.20302 96866.4624419 
1.20317 95379.5217655 
1.20331 94866.3590573 
1.20345 94951.2957051 
1.2036 96290.2178866 
1.20375 99241.2971754 
1.20389 101369.890428 
1.20404 100375.711329 
1.20418 96689.5862514 
1.20432 92864.3880016 
1.20447 91145.2016743 
1.20461 91987.7386702 
1.20476 94694.7445845 
1.20491 99016.3569171 
1.20505 103801.192092 
1.20519 107604.973079 
1.20534 108099.360112 
1.20548 104277.220758 
1.20563 100069.201997 
1.20578 103630.294939 
1.20592 114801.574838 
1.20607 127208.903828 
1.20621 132386.605504 
1.20635 130358.932923 
1.2065 122658.817852 
1.20665 112383.671971 
1.20679 103924.94164 
1.20694 99661.0865347 
1.20708 100912.169534 
1.20722 105056.301528 
1.20737 109036.45187 
1.20752 109877.441112 
1.20766 108596.116169 
1.20781 108441.74705 
1.20795 110948.182376 
1.20809 114571.215871 
1.20824 117642.963941 
1.20838 118778.888108 
1.20853 116826.342551 
1.20868 110980.788957 
1.20882 104209.016744 
1.20896 99119.2463942 
1.20911 96625.3098912 
1.20925 97192.9124913 
1.2094 102056.386762 
1.20955 110413.331521 
1.20969 116997.353344 
1.20984 119633.648859 
1.20998 119202.753197 
1.21012 117890.488548 
1.21027 116841.274391 
1.21042 117736.381665 
1.21056 121153.997745 
1.21071 126081.165871 
1.21085 128185.610199 
1.21099 124980.551986 
1.21114 116788.967253 
1.21128 108666.831675 
1.21143 102908.084093 
1.21158 100692.713142 
1.21172 100788.955507 
1.21186 102452.291844 
1.21201 105652.689881 
1.21215 109246.42029 
1.2123 113476.658059 
1.21245 118090.406157 
1.21259 121690.070047 
1.21274 123181.862574 
1.21288 121417.325381 
1.21302 116294.97929 
1.21317 108777.179227 
1.21332 104088.138331 
1.21346 106623.114378 
1.21361 116707.467558 
1.21375 128457.329964 
1.21389 138023.213109 
1.21404 144377.443961 
1.21418 146486.600881 
1.21433 144314.29794 
1.21448 139289.848941 
1.21462 134437.968901 
1.21476 129876.289429 
1.21491 125279.970906 
1.21505 123366.122594 
1.2152 126495.155314 
1.21535 132483.604213 
1.21549 134325.388477 
1.21563 129989.56589 
1.21578 122799.762827 
1.21592 118723.919435 
1.21607 118739.218936 
1.21622 121868.59458 
1.21636 125054.804563 
1.21651 125738.728887 
1.21665 123629.980879 
1.21679 121868.596642 
1.21694 123775.593678 
1.21709 129724.632556 
1.21723 136580.061785 
1.21738 143161.584113 
1.21752 147449.645066 
1.21766 149005.187549 
1.21781 147549.770333 
1.21795 145087.666165 
1.2181 144627.982874 
1.21825 146728.207111 
1.21839 146648.526886 
1.21853 141956.047725 
1.21868 135605.897766 
1.21882 133771.071365 
1.21897 137382.812917 
1.21912 142854.795812 
1.21926 145331.391689 
1.21941 143600.71004 
1.21955 139477.165742 
1.21969 134470.980498 
1.21984 128911.148299 
1.21999 125230.992805 
1.22013 125011.046894 
1.22028 126609.682246 
1.22042 128067.410337 
1.22056 130130.128254 
1.22071 133671.764374 
1.22085 136446.470163 
1.221 136390.312479 
1.22115 133678.978147 
1.22129 131751.047648 
1.22143 132729.247629 
1.22158 136252.730269 
1.22172 138502.477427 
1.22187 137677.993755 
1.22202 136358.242994 
1.22216 138395.142443 
1.22231 143843.054168 
1.22245 148009.877764 
1.22259 148195.819784 
1.22274 145521.948266 
1.22289 144901.55508 
1.22303 147911.628666 
1.22318 150976.900071 
1.22332 148726.509316 
1.22346 140678.949824 
1.22361 130502.225836 
1.22376 126238.859485 
1.2239 131219.547909 
1.22405 142800.585142 
1.22419 152374.211804 
1.22433 156167.203093 
1.22448 154262.005097 
1.22462 150464.397929 
1.22477 148091.759468 
1.22492 148723.732286 
1.22506 150361.722231 
1.2252 150180.19172 
1.22535 146097.973994 
1.22549 140296.815533 
1.22564 136297.823607 
1.22579 136768.642216 
1.22593 139606.795124 
1.22608 142241.822309 
1.22622 141867.443417 
1.22636 137689.668254 
1.22651 131140.983666 
1.22666 127251.301324 
1.2268 129642.321095 
1.22695 137635.643345 
1.22709 143560.560153 
1.22723 141651.437892 
1.22738 131635.018714 
1.22752 122316.951527 
1.22767 120681.671277 
1.22782 129291.908894 
1.22796 141403.75101 
1.2281 150968.014237 
1.22825 154559.579468 
1.22839 152532.349159 
1.22854 148910.80444 
1.22869 148672.479961 
1.22883 152714.780949 
1.22898 157557.3308 
1.22912 157818.801629 
1.22926 153401.25723 
1.22941 146882.202742 
1.22956 142187.169522 
1.2297 141255.41291 
1.22985 143722.492838 
1.22999 147231.029078 
1.23013 149469.517554 
1.23028 148952.300805 
1.23043 146699.287859 
1.23057 145557.101414 
1.23072 146223.692435 
1.23086 147568.710699 
1.231 148577.413313 
1.23115 148567.914371 
1.23129 146303.405989 
1.23144 140517.80306 
1.23159 134195.58971 
1.23173 132325.037497 
1.23187 135126.277836 
1.23202 138909.218614 
1.23216 138591.041531 
1.23231 134517.052812 
1.23246 132335.878082 
1.2326 135773.42141 
1.23275 143846.168855 
1.23289 151174.324519 
1.23303 154569.431731 
1.23318 152121.729695 
1.23333 145046.993964 
1.23347 139397.683467 
1.23362 139981.690942 
1.23376 145217.691586 
1.2339 148292.343008 
1.23405 145914.747156 
1.23419 141954.199667 
1.23434 140500.01529 
1.23449 142354.271828 
1.23463 144511.113985 
1.23477 145298.792971 
1.23492 145452.673473 
1.23506 146597.090162 
1.23521 149396.984614 
1.23536 153569.21874 
1.2355 157895.17428 
1.23565 160140.59312 
1.23579 157300.738318 
1.23593 150775.914234 
1.23608 145485.673159 
1.23623 146379.045025 
1.23637 150424.026137 
1.23652 153812.931939 
1.23666 156601.097885 
1.2368 160683.484008 
1.23695 164489.925305 
1.23709 165673.731605 
1.23724 166798.370855 
1.23739 170683.230666 
1.23753 175438.650658 
1.23767 177784.039267 
1.23782 175988.651319 
1.23796 172585.255615 
1.23811 170688.457044 
1.23826 170946.010496 
1.2384 171233.016119 
1.23854 170562.597451 
1.23869 168173.821932 
1.23883 163626.055938 
1.23898 157515.54915 
1.23913 153871.847869 
1.23927 155095.675086 
1.23942 160709.732218 
1.23956 166687.118509 
1.2397 169054.108092 
1.23985 165373.732143 
1.24 158660.154141 
1.24014 154679.060022 
1.24029 153919.46271 
1.24043 152787.119061 
1.24057 147805.399518 
1.24072 138657.343259 
1.24086 130144.526143 
1.24101 125306.185624 
1.24116 126749.881671 
1.2413 131587.136742 
1.24144 135203.459593 
1.24159 133192.439871 
1.24173 125244.42025 
1.24188 115392.181944 
1.24203 111005.261943 
1.24217 113608.086019 
1.24232 121246.15865 
1.24246 129630.07747 
1.2426 135557.181522 
1.24275 136609.058752 
1.2429 132693.668887 
1.24304 126178.296971 
1.24319 117597.090717 
1.24333 109525.303202 
1.24347 103716.462279 
1.24362 103423.400946 
1.24376 109313.443917 
1.24391 117646.169505 
1.24406 122167.412657 
1.2442 121857.745624 
1.24434 120599.924238 
1.24449 122571.025097 
1.24463 128569.598263 
1.24478 137675.752839 
1.24493 147118.229649 
1.24507 154822.271821 
1.24522 159983.61412 
1.24536 158732.622718 
1.2455 150700.735951 
1.24565 139037.919234 
1.2458 130247.736082 
1.24594 126419.00122 
1.24609 125261.854104 
1.24623 126773.989611 
1.24637 133596.615499 
1.24652 146897.624408 
1.24667 159765.522203 
1.24681 166046.429511 
1.24696 167089.593916 
1.2471 165227.630651 
1.24724 161454.622945 
1.24739 155336.509011 
1.24753 149584.823487 
1.24768 147603.279595 
1.24783 151169.231085 
1.24797 155773.266898 
1.24811 158689.520119 
1.24826 160138.805388 
1.2484 159642.374173 
1.24855 156953.10128 
1.2487 155445.437942 
1.24884 158099.894334 
1.24899 164328.834998 
1.24913 170267.127043 
1.24927 173341.554415 
1.24942 169889.308547 
1.24957 157723.546697 
1.24971 143105.787994 
1.24986 133169.916925 
1.25 133541.540536 
1.25014 141563.604735 
1.25029 154685.849078 
1.25043 167083.798776 
1.25058 175945.039592 
1.25073 177911.155714 
1.25087 174134.921377 
1.25101 167001.316506 
1.25116 158749.015567 
1.2513 152690.819035 
1.25145 147990.19761 
1.2516 143500.636529 
1.25174 138626.061552 
1.25189 132585.242081 
1.25203 125369.556077 
1.25217 115770.282214 
1.25232 104602.40881 
1.25247 97874.1432823 
1.25261 100528.136589 
1.25276 113541.838636 
1.2529 130542.333263 
1.25304 146415.914571 
1.25319 157989.688129 
1.25333 162366.362447 
1.25348 162644.172041 
1.25363 164486.512052 
1.25377 169023.205598 
1.25391 170323.617628 
1.25406 162986.749103 
1.2542 151663.035393 
1.25435 142135.8526 
1.2545 137723.39008 
1.25464 137027.620227 
1.25478 138875.653838 
1.25493 142073.881922 
1.25507 144131.538497 
1.25522 146323.956262 
1.25537 151637.629561 
1.25551 159035.413906 
1.25566 164731.246598 
1.2558 163357.8267 
1.25594 155596.563254 
1.25609 146342.885224 
1.25624 142513.955456 
1.25638 144875.6665 
1.25653 151734.839094 
1.25667 159814.047568 
1.25681 166796.624114 
1.25696 170415.389783 
1.2571 170113.70489 
1.25725 168818.012758 
1.2574 167841.833983 
1.25754 164284.71729 
1.25768 156899.16788 
1.25783 149852.815981 
1.25797 149791.725025 
1.25812 156257.811346 
1.25827 162966.884911 
1.25841 164899.596394 
1.25856 161784.353772 
1.2587 154751.464907 
1.25884 145839.749847 
1.25899 139733.705874 
1.25914 141045.070458 
1.25928 145939.392319 
1.25943 149274.196593 
1.25957 149683.711437 
1.25971 150063.12006 
1.25986 151625.319454 
1.26 153522.638633 
1.26015 156533.798869 
1.2603 161408.895214 
1.26044 166926.069217 
1.26058 172443.219717 
1.26073 177645.911736 
1.26087 179695.130729 
1.26102 175767.079828 
1.26117 166782.408318 
1.26131 160186.18258 
1.26146 160421.637978 
1.2616 164492.167086 
1.26174 165080.543134 
1.26189 159594.16001 
1.26204 154140.123386 
1.26218 154376.793784 
1.26233 158764.12323 
1.26247 162426.573055 
1.26261 164051.957138 
1.26276 164146.158048 
1.26291 162694.50877 
1.26305 159996.631111 
1.2632 156894.161593 
1.26334 154516.220839 
1.26348 152172.792209 
1.26363 150317.062568 
1.26377 150939.310951 
1.26392 153440.395233 
1.26407 154237.614143 
1.26421 152022.377084 
1.26435 148024.425332 
1.2645 143076.150496 
1.26464 140624.346332 
1.26479 144711.301226 
1.26494 154244.829094 
1.26508 161646.239622 
1.26523 165459.255175 
1.26537 167637.570085 
1.26551 168947.960241 
1.26566 168156.017443 
1.26581 166905.20379 
1.26595 167075.446224 
1.2661 166544.488416 
1.26624 162908.51879 
1.26638 157002.604595 
1.26653 152020.570554 
1.26667 152730.835043 
1.26682 160349.2736 
1.26697 168899.806054 
1.26711 169844.427442 
1.26725 163469.223359 
1.2674 156723.137247 
1.26754 156278.057224 
1.26769 159125.915446 
1.26784 158371.430801 
1.26798 152600.423096 
1.26813 145931.473456 
1.26827 145441.343561 
1.26841 152718.12364 
1.26856 165814.156133 
1.26871 178236.509055 
1.26885 185147.129479 
1.269 187486.63147 
1.26914 188139.028282 
1.26928 189229.160456 
1.26943 188568.57706 
1.26957 184116.904653 
1.26972 178605.430768 
1.26987 177604.547662 
1.27001 180490.421684 
1.27015 182726.662017 
1.2703 179660.984514 
1.27044 171548.485833 
1.27059 163269.776499 
1.27074 159561.690615 
1.27088 155954.879444 
1.27102 148531.198853 
1.27117 141577.305658 
1.27131 143378.251043 
1.27146 155153.995001 
1.27161 169222.475469 
1.27175 174518.888889 
1.2719 168830.80205 
1.27204 161686.617864 
1.27218 163016.454307 
1.27233 173927.071321 
1.27248 184255.631083 
1.27262 185729.464595 
1.27277 179644.711392 
1.27291 173615.640722 
1.27305 171817.205519 
1.2732 172585.579225 
1.27334 172886.475653 
1.27349 174837.880752 
1.27364 180959.240345 
1.27378 187689.145094 
1.27392 191443.086855 
1.27407 190578.112138 
1.27421 185673.112709 
1.27436 178085.379941 
1.27451 172036.125485 
1.27465 169379.431615 
1.2748 166590.687188 
1.27494 162618.819989 
1.27508 161411.136757 
1.27523 167617.270791 
1.27538 179654.407232 
1.27552 191085.768914 
1.27567 199516.186569 
1.27581 202432.737642 
1.27595 201140.761665 
1.2761 198068.477503 
1.27624 197468.763437 
1.27639 200890.736512 
1.27654 205333.677406 
1.27668 206005.353566 
1.27682 201888.124667 
1.27697 195541.938232 
1.27711 192490.443132 
1.27726 193232.452629 
1.27741 194501.123696 
1.27755 194007.877745 
1.27769 191788.845926 
1.27784 186471.332938 
1.27798 179642.178905 
1.27813 175656.290177 
1.27828 176757.619735 
1.27842 177084.622413 
1.27857 173706.548715 
1.27871 171043.824577 
1.27885 172532.735278 
1.279 177247.306273 
1.27915 179719.518029 
1.27929 177773.383806 
1.27944 175855.637747 
1.27958 177806.167712 
1.27972 180564.211366 
1.27987 181350.780058 
1.28001 181212.902307 
1.28016 180879.816988 
1.28031 179568.149115 
1.28045 178157.901378 
1.28059 178159.901382 
1.28074 181188.375965 
1.28088 186943.358398 
1.28103 193612.070695 
1.28118 197527.560153 
1.28132 197821.001964 
1.28147 194662.27588 
1.28161 188611.729117 
1.28175 181442.336967 
1.2819 176880.201128 
1.28205 178176.7006 
1.28219 183621.033718 
1.28234 191642.958199 
1.28248 198840.251466 
1.28262 203859.829346 
1.28277 206061.76163 
1.28291 204998.168436 
1.28306 200323.304305 
1.28321 192198.745914 
1.28335 182925.986396 
1.28349 175334.267471 
1.28364 172363.901614 
1.28378 172416.267488 
1.28393 169306.253445 
1.28408 161398.912788 
1.28422 154702.215548 
1.28437 154688.130112 
1.28451 163207.382776 
1.28465 174794.427822 
1.2848 180179.934623 
1.28495 174504.929086 
1.28509 167093.142598 
1.28524 166483.93675 
1.28538 171729.582536 
1.28552 176295.234978 
1.28567 177212.113282 
1.28582 175415.460902 
1.28596 175056.440223 
1.28611 179828.789233 
1.28625 186899.788539 
1.28639 189906.365585 
1.28654 185011.974933 
1.28668 177015.930239 
1.28683 173429.496382 
1.28698 179538.226123 
1.28712 190065.171391 
1.28726 198127.939291 
1.28741 199227.835908 
1.28755 193556.651153 
1.2877 185789.624524 
1.28785 183602.224159 
1.28799 188125.211049 
1.28814 193752.974057 
1.28828 192545.303835 
1.28842 184214.952454 
1.28857 174345.273311 
1.28872 169691.011131 
1.28886 169133.613001 
1.28901 169762.767806 
1.28915 171460.906582 
1.28929 174890.161276 
1.28944 180908.891389 
1.28958 189148.186422 
1.28973 198080.704841 
1.28988 200856.35455 
1.29002 195521.275676 
1.29016 186648.291736 
1.29031 180669.930735 
1.29045 181804.187873 
1.2906 187546.561914 
1.29075 192355.409186 
1.29089 193191.226208 
1.29104 192017.204035 
1.29118 191848.206465 
1.29132 191770.885971 
1.29147 188852.790514 
1.29162 183069.005214 
1.29176 177858.028132 
1.29191 176488.670909 
1.29205 180592.990484 
1.29219 185794.537887 
1.29234 186993.499606 
1.29248 185016.613335 
1.29263 184754.544723 
1.29278 188570.248205 
1.29292 193645.817256 
1.29306 197223.252554 
1.29321 198834.884686 
1.29335 199631.011494 
1.2935 200081.828235 
1.29365 200745.591935 
1.29379 204266.215226 
1.29393 211425.20035 
1.29408 219027.99264 
1.29422 221364.254615 
1.29437 216582.440315 
1.29452 204766.892007 
1.29466 190914.002599 
1.29481 180584.126042 
1.29495 180340.84223 
1.29509 187173.18428 
1.29524 194455.115514 
1.29539 196134.545758 
1.29553 194128.730264 
1.29568 192855.39543 
1.29582 194297.881696 
1.29596 197504.662234 
1.29611 201720.889889 
1.29625 205379.388193 
1.2964 208509.161985 
1.29655 210283.647116 
1.29669 209328.970123 
1.29683 206195.362702 
1.29698 202069.931149 
1.29712 197438.54297 
1.29727 193186.661851 
1.29742 193943.703311 
1.29756 199842.178804 
1.29771 207712.007357 
1.29785 212929.273043 
1.29799 215405.965882 
1.29814 216466.137482 
1.29829 217724.403083 
1.29843 219955.521577 
1.29858 222318.822609 
1.29872 221891.702688 
1.29886 217545.437271 
1.29901 210530.706946 
1.29915 205063.700766 
1.2993 201332.31992 
1.29945 197191.1927 
1.29959 190561.623324 
1.29973 182256.216757 
1.29988 174970.264951 
1.30002 169896.954198 
1.30017 164977.391104 
1.30032 165363.277519 
1.30046 175920.75155 
1.30061 193325.984504 
1.30075 203096.818148 
1.30089 200151.590222 
1.30104 189083.603444 
1.30119 181547.662347 
1.30133 182290.017979 
1.30148 188794.549972 
1.30162 196346.561239 
1.30176 203120.740756 
1.30191 207322.383208 
1.30206 205943.532225 
1.3022 201402.16605 
1.30235 199795.593331 
1.30249 203255.500453 
1.30263 205492.36787 
1.30278 200552.507669 
1.30292 191181.924153 
1.30307 183587.473654 
1.30322 183547.450308 
1.30336 189036.346119 
1.3035 197483.444208 
1.30365 207841.839505 
1.30379 213584.503948 
1.30394 210508.614617 
1.30409 202638.079449 
1.30423 199901.368125 
1.30438 203702.173333 
1.30452 206876.004852 
1.30466 204980.911622 
1.30481 201056.412883 
1.30496 202553.962627 
1.3051 209458.455543 
1.30525 216028.518006 
1.30539 216492.807674 
1.30553 213559.112292 
1.30568 213139.369684 
1.30582 217925.548417 
1.30597 225167.600231 
1.30612 228216.141629 
1.30626 224341.793258 
1.3064 217268.932005 
1.30655 212279.986821 
1.30669 210602.982364 
1.30684 208406.87262 
1.30699 205822.065289 
1.30713 205526.343013 
1.30728 206897.679792 
1.30742 206439.935743 
1.30756 201811.199159 
1.30771 193466.914913 
1.30786 187371.338706 
1.308 187848.425652 
1.30815 192599.886788 
1.30829 195468.966416 
1.30843 195756.11822 
1.30858 198065.373762 
1.30872 203928.464462 
1.30887 209717.087016 
1.30902 212165.132432 
1.30916 212055.532305 
1.3093 208331.740246 
1.30945 199487.620696 
1.30959 190432.139122 
1.30974 185305.982392 
1.30989 187397.079497 
1.31003 195016.982207 
1.31017 205604.532434 
1.31032 216297.252835 
1.31046 221024.865543 
1.31061 218072.159803 
1.31076 210564.445086 
1.3109 204776.319113 
1.31105 203416.224096 
1.31119 206637.569909 
1.31133 210830.00348 
1.31148 212333.503847 
1.31163 210658.744992 
1.31177 209487.865296 
1.31192 209872.10906 
1.31206 206729.479017 
1.3122 194432.909062 
1.31235 174019.145532 
1.31249 159528.836893 
1.31264 158291.130233 
1.31279 168385.60774 
1.31293 179489.916408 
1.31307 189707.887631 
1.31322 201272.003645 
1.31336 210064.057453 
1.31351 213087.37141 
1.31366 211026.219197 
1.3138 207080.384983 
1.31395 199363.831342 
1.31409 187820.95834 
1.31423 176089.59451 
1.31438 172224.938696 
1.31453 181525.879731 
1.31467 194441.574704 
1.31482 199611.59962 
1.31496 191608.51892 
1.3151 175569.582965 
1.31525 157623.014387 
1.31539 146084.111913 
1.31554 143202.498717 
1.31569 151471.991095 
1.31583 166737.630802 
1.31597 183191.336738 
1.31612 196461.047526 
1.31626 205875.908167 
1.31641 216987.77626 
1.31656 227404.207689 
1.3167 231236.331667 
1.31684 228298.120335 
1.31699 221569.423317 
1.31713 215649.764778 
1.31728 211442.522524 
1.31743 209072.421537 
1.31757 206117.747653 
1.31772 198336.361404 
1.31786 184742.768356 
1.318 168105.326586 
1.31815 157256.423778 
1.3183 162607.770358 
1.31844 177989.814768 
1.31859 191453.189408 
1.31873 193565.351042 
1.31887 188661.204457 
1.31902 182765.960971 
1.31916 178554.161475 
1.31931 174146.721322 
1.31946 171535.26289 
1.3196 172143.546939 
1.31974 172545.193622 
1.31989 169557.448956 
1.32003 166680.212767 
1.32018 169773.565418 
1.32033 180352.268412 
1.32047 191297.402653 
1.32062 196299.970939 
1.32076 193677.648498 
1.3209 190427.863119 
1.32105 191797.06696 
1.3212 193497.516518 
1.32134 187552.782357 
1.32149 173005.656844 
1.32163 161239.900581 
1.32177 160214.014162 
1.32192 168934.291299 
1.32206 176653.349025 
1.32221 179899.071444 
1.32236 181573.060297 
1.3225 183545.240208 
1.32264 182906.475183 
1.32279 175847.196289 
1.32293 166603.829271 
1.32308 162861.691904 
1.32323 167499.701195 
1.32337 173125.898001 
1.32352 176732.25362 
1.32366 179008.615484 
1.3238 181387.483479 
1.32395 186188.642744 
1.3241 195357.307833 
1.32424 204781.538875 
1.32439 208911.599672 
1.32453 203527.192032 
1.32467 190999.066168 
1.32482 175828.101317 
1.32497 165194.12898 
1.32511 162854.233113 
1.32526 168020.37528 
1.3254 176528.769399 
1.32554 187209.95562 
1.32569 201483.854251 
1.32583 214950.712371 
1.32598 224602.87891 
1.32613 225761.273311 
1.32627 218452.884877 
1.32641 206022.038302 
1.32656 194215.598032 
1.3267 189999.360779 
1.32685 192518.117197 
1.327 198189.78521 
1.32714 203798.909041 
1.32729 208735.742496 
1.32743 208540.655381 
1.32757 199259.55518 
1.32772 181287.489642 
1.32787 164416.302395 
1.32801 157072.116236 
1.32816 159137.672603 
1.3283 164044.005555 
1.32844 164488.915877 
1.32859 158558.144636 
1.32873 151281.740234 
1.32888 146993.128601 
1.32903 147978.883475 
1.32917 148687.644687 
1.32931 142241.556167 
1.32946 127326.049288 
1.3296 114904.594991 
1.32975 114546.046786 
1.3299 130855.028609 
1.33004 154527.644283 
1.33019 176143.54912 
1.33033 182814.732092 
1.33047 175575.033318 
1.33062 162786.769264 
1.33077 157787.372305 
1.33091 162115.934825 
1.33106 165365.098779 
1.3312 157564.800024 
1.33134 142276.428294 
1.33149 129244.084087 
1.33163 125986.636093 
1.33178 129579.645137 
1.33193 133673.119105 
1.33207 131018.714911 
1.33221 118970.507198 
1.33236 100159.813417 
1.3325 86939.7666398 
1.33265 87745.492542 
1.3328 105532.12164 
1.33294 127482.161183 
1.33308 142042.272015 
1.33323 144402.518315 
1.33337 139233.061694 
1.33352 134838.715539 
1.33367 135538.429467 
1.33381 135916.421811 
1.33396 130886.740072 
1.3341 124881.399717 
1.33424 122868.104269 
1.33439 122460.695317 
1.33454 115932.759564 
1.33468 103771.759214 
1.33483 93196.8033866 
1.33497 90863.5929051 
1.33511 91227.9760436 
1.33526 87776.5388235 
1.3354 82141.5668091 
1.33555 79126.1133984 
1.3357 80228.9399038 
1.33584 81685.994028 
1.33598 81780.2757116 
1.33613 81306.6853047 
1.33627 81058.1020595 
1.33642 82196.3211692 
1.33657 89292.2288553 
1.33671 103486.151643 
1.33686 118303.118136 
1.337 119442.11743 
1.33714 106802.297294 
1.33729 90744.7082484 
1.33744 84600.6127219 
1.33758 87884.5404897 
1.33773 94039.7508898 
1.33787 98644.5931162 
1.33801 102592.73941 
1.33816 104900.8834 
1.3383 101989.671433 
1.33845 94178.9058031 
1.3386 88408.9758385 
1.33874 90440.4415665 
1.33888 97751.809549 
1.33903 101973.01066 
1.33917 97358.7735132 
1.33932 89537.3782791 
1.33947 88953.1420485 
1.33961 96083.5848263 
1.33976 104998.446222 
1.3399 109901.291826 
1.34004 113548.898708 
1.34019 119464.514893 
1.34034 123582.572396 
1.34048 120661.780313 
1.34063 113294.514222 
1.34077 109282.8501 
1.34091 109065.225351 
1.34106 107766.451416 
1.34121 101511.765484 
1.34135 92396.2748286 
1.3415 83601.148139 
1.34164 80936.261141 
1.34178 85274.3596842 
1.34193 94331.0092527 
1.34207 101978.995519 
1.34222 106224.652128 
1.34237 106222.870216 
1.34251 102888.512546 
1.34265 96867.7229981 
1.3428 90299.9016848 
1.34294 88162.8796729 
1.34309 91661.3733755 
1.34324 98366.4216312 
1.34338 104240.035939 
1.34353 108806.420034 
1.34367 112176.534541 
1.34381 113993.013949 
1.34396 110699.263379 
1.34411 101075.68648 
1.34425 90668.4071556 
1.3444 82905.3233201 
1.34454 80056.2223106 
1.34468 81355.0970494 
1.34483 86261.488017 
1.34497 90045.5559245 
1.34512 88943.8088185 
1.34527 84201.2723131 
1.34541 80816.6993651 
1.34555 81160.8791163 
1.3457 88091.1782823 
1.34584 101553.407198 
1.34599 117984.795863 
1.34614 126347.868268 
1.34628 123442.197393 
1.34643 114667.310956 
1.34657 108036.066526 
1.34671 105899.548013 
1.34686 107823.009325 
1.34701 109381.523848 
1.34715 105189.884287 
1.3473 95241.1376113 
1.34744 87458.002737 
1.34758 85443.4352594 
1.34773 89295.1112662 
1.34787 96527.8573331 
1.34802 103844.343923 
1.34817 105351.785611 
1.34831 101655.441012 
1.34845 98112.2565799 
1.3486 99133.9713862 
1.34874 104657.812999 
1.34889 112602.796256 
1.34904 120287.492087 
1.34918 125996.841338 
1.34932 127415.415916 
1.34947 120785.983224 
1.34961 108858.239426 
1.34976 96386.5485367 
1.34991 89116.5484043 
1.35005 87822.0923725 
1.3502 89610.3372856 
1.35034 90409.4951524 
1.35048 89884.9271942 
1.35063 92145.0630906 
1.35078 99087.621978 
1.35092 104429.575752 
1.35107 102447.318336 
1.35121 93265.362286 
1.35135 81160.4375454 
1.3515 70679.496567 
1.35164 67645.3151265 
1.35179 73408.436318 
1.35194 84470.3855472 
1.35208 92701.35852 
1.35222 95542.8583384 
1.35237 93704.2597433 
1.35251 89676.0375519 
1.35266 85996.7006615 
1.35281 85547.1474911 
1.35295 86418.1633639 
1.3531 81639.2809752 
1.35324 66024.8543236 
